Máquina 1: [0, 4, 2, 3, 1, 6, 5, 35, 8, 36, 38, 9, 37]
Máquina 2: [39, 10, 40, 11, 13, 41, 43, 45, 12, 16, 14, 16, 42]
Máquina 3: [48, 44, 51, 49, 46, 51, 15, 29, 18, 17, 21, 47, 51]
Máquina 4: [50, 52, 51, 28, 30, 19, 20, 24, 34, 22, 23, 25, 26, 27]
Máquina 5: [33, 31, 29, 32]
FO: 5385Máquina 1: [0, 1, 4, 6, 2, 3, 5, 35, 8, 36, 38, 9, 37]
Máquina 2: [39, 10, 40, 11, 13, 41, 43, 45, 12, 16, 14, 16, 42]
Máquina 3: [48, 44, 51, 49, 46, 51, 15, 29, 18, 17, 21, 47, 51]
Máquina 4: [50, 52, 51, 28, 30, 20, 19, 24, 34, 22, 23, 25, 26, 27]
Máquina 5: [31, 33, 29, 32]
FO: 5385Máquina 1: [0, 2, 6, 4, 1, 5, 3, 35, 8, 36, 38, 9, 37]
Máquina 2: [39, 10, 40, 11, 13, 41, 43, 45, 12, 16, 14, 16, 42]
Máquina 3: [48, 44, 51, 49, 46, 51, 15, 29, 18, 17, 21, 47, 51]
Máquina 4: [50, 52, 51, 28, 30, 20, 19, 24, 34, 22, 23, 25, 26, 27]
Máquina 5: [31, 29, 33, 32]
FO: 5385Máquina 1: [0, 1, 2, 5, 6, 4, 3, 35, 8, 36, 38, 9, 37]
Máquina 2: [39, 10, 40, 11, 13, 41, 43, 45, 12, 16, 14, 16, 42]
Máquina 3: [48, 44, 51, 49, 46, 51, 15, 29, 18, 17, 21, 47, 51]
Máquina 4: [50, 52, 51, 28, 30, 20, 19, 24, 34, 22, 23, 25, 26, 27]
Máquina 5: [31, 29, 33, 32]
FO: 5385Máquina 1: [0, 4, 1, 5, 3, 6, 2, 35, 8, 36, 38, 9, 37]
Máquina 2: [39, 10, 40, 11, 13, 41, 45, 43, 12, 16, 14, 16, 42]
Máquina 3: [48, 44, 51, 49, 46, 51, 15, 29, 18, 17, 21, 47, 51]
Máquina 4: [50, 52, 51, 28, 30, 19, 20, 24, 34, 22, 23, 25, 26, 27]
Máquina 5: [29, 33, 31, 32]
FO: 5385Máquina 1: [0, 3, 1, 4, 5, 6, 2, 35, 8, 36, 38, 9, 37]
Máquina 2: [39, 10, 40, 11, 13, 41, 45, 43, 12, 16, 14, 16, 42]
Máquina 3: [48, 44, 51, 49, 46, 51, 15, 29, 18, 17, 21, 47, 51]
Máquina 4: [50, 52, 51, 28, 30, 20, 19, 24, 34, 22, 23, 25, 26, 27]
Máquina 5: [29, 33, 31, 32]
FO: 5385Máquina 1: [0, 2, 1, 6, 4, 3, 5, 35, 8, 36, 38, 9, 37]
Máquina 2: [39, 10, 40, 11, 13, 41, 45, 43, 12, 16, 14, 16, 42]
Máquina 3: [48, 44, 51, 49, 46, 51, 15, 29, 18, 17, 21, 47, 51]
Máquina 4: [50, 52, 51, 28, 30, 19, 20, 24, 34, 22, 23, 25, 26, 27]
Máquina 5: [31, 29, 33, 32]
FO: 5385Máquina 1: [0, 6, 3, 4, 1, 5, 2, 35, 8, 36, 38, 9, 37]
Máquina 2: [39, 10, 40, 11, 13, 41, 45, 43, 12, 16, 14, 16, 42]
Máquina 3: [48, 44, 51, 49, 46, 51, 15, 29, 18, 17, 21, 47, 51]
Máquina 4: [50, 52, 51, 28, 30, 19, 20, 24, 34, 22, 23, 25, 26, 27]
Máquina 5: [33, 29, 31, 32]
FO: 5385Máquina 1: [0, 2, 6, 5, 3, 4, 1, 35, 8, 36, 38, 9, 37]
Máquina 2: [39, 10, 40, 11, 13, 41, 45, 43, 12, 16, 14, 16, 42]
Máquina 3: [48, 44, 51, 49, 46, 51, 15, 29, 18, 17, 21, 47, 51]
Máquina 4: [50, 52, 51, 28, 30, 20, 19, 24, 34, 22, 23, 25, 26, 27]
Máquina 5: [33, 29, 31, 32]
FO: 5385